234528 819569
520299 24266
321766 616714
807334 813558
590287 173202
876304 488028
135951 588513
862200 910491
210156 728252
21328 960726
230635 315687
466869 476419
716806 723427
978229 809603
715376 709145
545074 556431
59571 785044
742442 710543
234517 324952
247475 711245
676186 149412
11684 171423
610810 345083
199869 161889
725137 529874
167869 254080
346933 14186
280578 344576
157418 345084
993549 718224
341268 490646
135517 180863
285051 144965
954183 47257
204839 783766
102771 216397
618389 684505
741252 41127
210379 12135
463869 385265
156588 320007
962221 780537
426398 800570
10595 157290
903664 420543
422973 939807
675661 738487
998902 974805
650089 781109
88997 723963
109051 312451
624926 443293
146012 415105
824878 110943
59158 553307
274910 777429
488280 487245
707112 700987
532146 940136
643746 15561
25187 192462
606872 531449
125319 848827
461813 29229
442863 347896
504215 224243
33206 870269
315908 634737
215336 263983
353341 883624
79400 40167
392656 258492
90433 142579
663241 4394
879613 115265
666233 875808
796750 756852
500567 128410
947260 88125
559150 903373
136089 267912
830143 814530
545105 662994
529029 721369
496829 225648
130172 798311
216579 969314
977929 639346
420768 677253
608351 332019
167572 492175
734795 473072
53291 529193
280012 352448
189813 615038
340101 924081
121753 414545
703802 45053
247864 60958
367041 27010
699587 912348
680185 899942
383969 854134
908069 835109
868950 438158
293739 240093
638770 339517
964975 328926
902220 24678
858510 187057
894754 908725
106167 713012
355747 628045
462781 287272
651815 116786
519892 955275
879837 953882
812502 491113
541313 363895
158297 575449
843426 55604
354348 975796
957863 104232
607320 45900
693048 480718
937376 241681
307665 292710
547657 722958
55143 408721
606974 810763
966867 977391
50056 113665
402983 610039
331745 988338
365714 861742
748689 829401
594417 142235
144739 439844
111882 334721
130186 909146
449628 481680
789217 264114
228892 849254
428812 803728
690373 58722
131748 25532
442773 160051
855260 138422
671466 231873
495700 32061
903867 917816
762353 952188
302871 84883
710094 71224
935976 537154
780668 464761
502742 150629
751626 421703
930516 438361
70706 33209
303874 966432
466332 753248
243667 190708
724088 493262
179125 336581
895554 621749
428158 589696
965769 65697
967899 439887
487606 884112
807385 232709
191557 464661
707457 272089
93103 683608
923968 425971
926939 495778
570764 643155
357569 231563
823861 319066
820496 33775
217560 627546
645261 837476
479263 259344
503568 927713
928678 198551
537479 443678
296406 322294
932716 513479
441344 76854
385932 528051
100149 931109
946981 254255
75058 283614
922240 422744
373767 824111
207668 527269
218896 664029
739759 310584
330193 689928
499310 860546
119090 860571
104681 409197
137276 879753
480694 88102
189064 739555
103472 628150
293644 404761
796190 127583
739075 377825
817355 71132
850192 85444
965125 235929
259840 537908
252921 26744
975924 414722
628148 90883
402355 870839
68805 730362
428737 480907
278007 219278
275169 707248
890173 809928
807279 588576
842596 271001
55671 649031
323196 789379
435370 158271
231811 837907
88799 445917
570167 619540
250793 507600
802682 951618
307585 309778
545434 838954
704353 509873
891627 219152
520511 775954
310997 175138
488025 429977
818332 927836
331645 274708
670891 4236
387721 923580
